l2_regularization: 0.5335149410918048
learning_rate: 0.016752874244586297
max_bins: 89
max_depth: 7
max_iter: 560
max_leaf_nodes: 40
min_samples_leaf: 5
n_iter_no_change: 84
tol: 4.189764969240437e-07
validation_fraction: 0.1550968368201385
