l2_regularization: 0.5855347539297244
learning_rate: 0.029008833639205187
max_bins: 110
max_depth: 11
max_iter: 611
max_leaf_nodes: 45
min_samples_leaf: 16
n_iter_no_change: 23
tol: 0.0004652158172915121
validation_fraction: 0.09199688850714338
