l2_regularization: 0.11383131539505387
learning_rate: 0.014874706428824745
max_bins: 146
max_depth: 6
max_iter: 350
max_leaf_nodes: 20
min_samples_leaf: 18
n_iter_no_change: 96
tol: 2.595949204653852e-07
validation_fraction: 0.223174410182397
